
EnableRainDrops=true

[Settings]
EnableRainDrops=true
RainDropDensity=2023.809570
RainDropMinDensity=50.000000
DropMaxSizeScale=1.000000
RainDensity=3.779762
WindDirection=0.130952; 0.000000; 0.238095
RainMode=0
MaxParticlesCount=8000
ParticleFilename="system/rain_drop"
RainSpeed=6.130952
ParticleLength=0.839286
ParticleWidth=0.007143
EmitterRadius=20.833334
GlassAirPressureCoeff=0.000030
